book    0.195485  152  154  152  344  347  342
book    0.868146  204  200  195  295  304  297
book    0.780245   53   50   51   96   99   98
book    0.128049  154  156  158  340  346  345
book    0.870854  201  202  201  301  302  303
book    0.361148   52   54   54   97   99   96
book    0.316469  153  159  159  349  347  348
book    0.337151  204  203  197  297  295  300
book    0.583822   51   54   52   96   95   98
book    0.704307  158  152  156  340  342  349
book    0.588664  204  196  202  302  304  295
book    0.526028   52   52   53   96   95   98
book    0.573752  157  159  152  345  345  348
book    0.120014  204  198  199  304  297  304
book    0.592721   50   51   51   98   97   96
book    0.061735  155  151  158  341  347  341
book    0.369126  202  202  195  300  297  301
book    0.484298   50   53   50   97   99   97
book    0.230800  150  151  159  343  348  344
book    0.157288  199  201  197  303  295  297
book    0.892247   52   52   52   99   99   99
book    0.683452  155  158  150  349  340  343
book    0.080156  200  204  200  295  301  301
book    0.871294   53   51   53   97   95   98
book    0.077245  155  152  155  344  348  340
book    0.186809  196  198  199  296  299  304
book    0.029741   51   53   53   96   99   96
book    0.852734  158  159  154  340  348  342
book    0.029380  199  202  196  297  295  301
book    0.737786   50   54   50   97   98   97
